              precision    recall  f1-score   support

         arm       0.75      0.64      0.69        28
         hyb       0.70      0.75      0.72        28
         zea       0.77      0.82      0.79        28

    accuracy                           0.74        84
   macro avg       0.74      0.74      0.74        84
weighted avg       0.74      0.74      0.74        84

10 runs matrix
[[194.  41.  53.]
 [103. 121.  64.]
 [ 46.  61. 181.]]

[[166.  67.  59.]
 [109. 114.  69.]
 [ 53.  46. 193.]]

[[190.  47.  58.]
 [106.  99.  90.]
 [ 39.  44. 212.]]

 550 155 170
 318 334 223
 138 151 586

 